640 213
91
0
257
258
259
260
261
262
263
264
265
266
267
268
269
270
271
272
273
274
275
276
277
278
279
280
281
282
283
284
285
286
287
288
289
290
264
256
291
294
295
296
297
298
299
300
301
302
303
304
305
306
300
293
307
310
311
312
313
314
315
316
317
318
319
287
309
320
323
324
325
326
327
328
329
330
310
322
331
334
335
336
337
338
339
340
304
333
341
344
345
346
347
348
349
328
343
350
353
354
355
356
357
358
272
352
359
362
363
364
365
366
326
361
367
370
371
372
373
374
283
369
375
378
379
380
381
371
377
382
385
386
387
388
337
384
389
392
393
394
395
305
391
396
399
400
401
402
277
398
403
406
407
408
403
405
409
412
413
414
380
411
415
418
419
420
357
417
421
424
425
426
336
423
427
430
431
432
315
429
433
436
437
438
296
435
439
442
443
444
404
445
447
448
449
280
441
450
453
454
439
452
455
458
459
425
457
460
463
464
409
462
465
468
469
395
467
470
473
474
381
472
475
478
479
367
477
480
483
484
355
482
485
488
489
341
487
490
493
494
329
492
495
498
499
317
497
500
503
504
397
505
507
508
330
502
509
512
513
284
511
514
517
518
274
516
519
522
523
292
524
526
527
288
521
528
531
517
530
532
535
508
534
536
539
500
538
540
543
493
542
544
547
484
546
548
551
475
550
552
555
468
554
556
559
459
558
560
563
450
562
564
567
444
566
269
255
278
1
568
575
416
317
13
14
572
273
1
242
243
576
586
374
570
267
255
73
76
254
274
2
180
183
574
587
600
366
589
266
255
82
83
276
173
174
599
601
612
359
603
265
605
607
275
609
611
613
622
354
615
264
617
608
610
623
630
353
625
263
627
619
629
631
638
346
633
262
635
274
620
639
646
491
316
643
273
645
647
653
428
649
606
628
621
654
660
327
641
261
650
272
652
661
668
325
663
260
665
271
667
669
676
318
671
259
673
270
675
677
684
313
679
258
681
269
683
685
692
306
687
257
689
268
691
693
700
301
695
0
697
267
699
701
708
440
656
618
644
637
709
715
297
703
705
266
707
716
722
285
718
657
636
659
723
729
515
711
658
730
734
724
732
727
735
739
281
725
712
651
714
740
746
520
737
713
728
747
752
267
742
733
357
581
259
751
350
758
257
760
334
762
763
468
766
764
486
749
744
770
337
572
254
1
574
4
780
2
257
253
252
252
253
704
763
774
330
255
572
1
2
4
5
3
0
254
252
251
787
793
790
313
572
793
0
3
780
798
0
784
786
788
574
805
426
807
0
778
4
810
782
255
786
251
820
778
422
772
666
745
339
792
0
4
10
17
18
21
18
16
11
6
8
782
0
251
250
249
246
241
239
236
239
238
246
828
830
288
255
594
275
2
805
792
1
6
16
22
24
23
844
7
5
799
248
248
244
238
235
883
243
250
255
861
315
807
3
7
16
18
20
19
17
12
8
6
877
0
252
249
248
245
240
236
236
238
240
248
253
817
280
254
766
595
818
279
863
279
866
280
868
838
18
19
20
18
15
11
5
9
574
255
249
250
247
854
236
237
239
885
887
919
334
755
738
835
255
2
11
26
35
31
29
16
12
4
269
253
245
242
231
225
224
227
239
252
888
282
255
33
46
275
254
206
229
770
572
11
27
41
37
27
15
7
604
248
240
229
221
216
229
245
821
312
868
9
22
31
34
30
19
13
6
790
255
251
243
238
226
223
222
234
247
945
275
255
7
57
15
278
244
199
246
946
276
45
33
278
254
205
230
1028
680
951
15
27
955
26
844
812
266
254
247
242
232
225
222
225
969
971
344
948
750
338
981
33
47
38
26
934
278
250
236
221
210
218
238
913
1036
264
253
70
97
275
253
151
197
1044
260
254
3
25
48
49
30
10
1036
255
246
227
210
206
230
252
848
304
792
8
28
41
44
30
12
1082
273
254
244
226
216
210
229
247
1054
269
3
98
63
278
248
145
209
1099
287
255
12
114
39
278
235
139
979
274
572
15
35
45
40
22
7
1073
258
250
237
222
210
217
237
1072
345
1056
773
336
887
23
50
51
31
9
285
253
233
210
202
223
249
1117
274
1075
1077
274
252
151
198
1108
704
2
34
58
51
19
1144
680
239
208
194
222
913
302
572
18
45
52
37
12
1185
263
243
220
202
212
238
997
271
254
48
110
8
278
185
164
917
284
254
45
112
1162
277
187
162
1215
1045
5
29
52
48
27
901
282
253
234
212
202
221
248
1170
947
832
674
834
327
951
29
58
53
22
1199
268
244
212
195
214
249
1126
1078
1076
275
1175
1177
680
0
26
67
56
16
285
241
202
188
228
1206
296
572
23
55
56
27
960
288
252
230
200
200
233
1274
590
11
112
42
278
228
138
237
1250
754
73
278
246
144
212
1257
1045
7
36
61
46
15
1297
265
245
216
195
212
1027
1311
332
1241
682
1243
324
1276
64
59
19
297
247
208
186
220
777
277
1172
1260
1176
1044
255
10
60
70
24
1318
262
232
186
194
1116
295
572
17
59
63
25
1344
604
231
193
198
1205
818
255
70
93
1304
271
252
152
198
1366
281
255
18
118
29
278
210
146
1349
268
951
35
68
49
11
296
249
214
187
215
250
1356
342
1320
690
1322
320
1339
58
69
27
1393
269
240
192
189
238
1185
1335
1174
1337
696
29
82
49
1231
288
251
204
175
1135
290
1020
51
72
33
1371
289
254
223
184
205
1169
1381
23
118
24
278
197
154
787
287
254
56
105
1417
273
253
159
190
1428
1263
21
68
61
1023
299
246
202
185
226
1288
510
1395
698
1397
317
572
34
79
48
1281
301
255
219
174
212
887
1171
1259
1411
1177
951
50
87
26
297
226
165
212
1403
688
0
28
77
53
988
302
249
203
179
1273
790
1
91
72
278
236
138
1422
285
3
100
61
1293
139
236
1008
5
54
75
30
1492
270
234
185
193
1380
331
1154
833
1524
862
6
59
78
22
307
240
180
191
1238
1448
1481
273
1261
795
67
81
13
299
237
167
201
1224
278
255
5
55
79
1487
306
229
176
202
970
1045
42
113
1386
276
255
162
185
1452
1572
27
117
21
278
180
168
1381
20
76
61
1211
305
252
203
1421
1533
295
1531
1242
1593
285
255
15
80
63
1498
307
251
194
172
242
1028
1410
1546
1080
10
74
76
1588
299
243
168
193
1598
14
77
66
1616
306
247
187
181
244
980
8
108
49
278
209
146
1543
1216
69
96
1199
243
140
219
1576
255
38
88
38
1597
272
227
170
208
1333
496
1465
706
1467
313
254
27
89
49
1651
273
255
203
165
1518
271
1610
272
1175
201
80
79
1447
298
241
161
201
1344
254
26
89
50
1666
272
253
204
167
235
770
254
63
100
1178
271
243
139
220
1576
1667
1632
1634
277
202
151
251
616
2
56
85
1538
313
241
176
191
251
1689
736
889
726
1057
1398
33
94
38
317
208
160
1694
270
1673
1367
152
11
89
1625
301
235
152
216
1311
255
34
94
37
317
215
161
227
764
1373
117
30
278
721
1019
35
117
1551
276
251
154
197
1428
255
4
69
80
12
316
249
182
179
1434
662
1658
720
1660
310
255
36
98
31
319
207
158
1408
961
1545
272
251
202
43
1268
306
220
149
234
1250
1785
1787
319
222
161
220
770
84
80
278
219
141
243
1356
255
80
85
278
222
141
240
760
1558
71
81
1741
313
251
187
175
1027
1780
1724
743
1532
319
255
31
103
1788
1840
198
162
1630
268
1736
270
255
253
1473
306
192
161
1392
1572
36
99
1758
320
225
154
224
1826
34
116
1457
275
249
145
208
1704
1851
12
115
1730
277
171
176
1826
4
72
82
1603
317
253
184
173
1779
324
1595
1321
1722
1019
23
102
40
324
254
181
172
1567
266
1850
330
249
157
197
1144
255
32
102
1844
323
217
155
231
760
4
103
57
278
1222
1556
1109
47
111
1830
271
239
138
226
760
1
71
84
1931
315
251
180
176
1905
323
1894
1396
1896
1667
14
97
54
326
248
159
196
790
1907
330
223
144
1671
272
255
21
104
1900
326
205
157
241
751
254
55
106
1679
271
230
137
1963
279
1505
1507
277
195
156
1442
664
60
94
1571
324
249
166
189
368
1781
265
1760
1100
5
83
75
1875
312
232
147
1866
1906
1794
335
255
173
175
1028
255
11
96
58
328
255
188
167
1892
688
14
115
36
1334
152
1768
924
19
118
28
277
249
148
205
1366
255
41
104
20
328
240
154
209
1949
446
1837
756
314
255
60
96
1220
284
786
253
3
2
1977
279
201
155
1529
262
1959
330
231
140
232
946
1
79
81
1699
320
250
165
188
751
255
77
88
278
199
153
252
915
57
105
1854
273
216
143
1848
672
21
107
1750
329
225
147
1920
1946
1998
264
2000
1192
28
110
27
282
249
236
230
229
235
242
251
252
3
5
14
24
31
28
17
2005
267
251
160
192
770
2070
330
170
177
919
255
48
104
1764
329
236
147
1810
664
28
118
1327
276
237
138
228
1297
3
101
60
277
255
165
598
664
6
92
67
334
196
159
1638
678
2109
263
2111
300
255
6
96
1121
920
233
208
211
226
242
252
868
696
778
6
21
41
54
36
1887
276
226
143
1803
1074
2011
2059
243
242
239
247
247
3
11
15
2214
2199
282
223
140
1825
1381
19
109
2103
282
251
242
238
238
244
246
253
10
10
18
930
2058
282
207
151
245
728
2
98
64
2163
163
184
2132
634
27
118
2045
276
234
137
2074
664
61
97
2216
2163
247
240
237
240
247
246
2212
12
20
17
13
2095
279
250
162
191
2050
748
2052
949
312
254
57
102
2261
271
255
230
192
205
235
1152
626
2017
46
72
35
2249
642
175
174
265
2138
1765
231
214
218
230
240
250
254
913
810
11
23
32
43
34
1774
283
251
149
202
1875
1
86
76
1318
250
228
213
219
230
241
802
916
2
2315
24
36
43
33
10
282
252
165
186
728
1208
1210
277
211
144
2174
274
254
71
94
1199
1926
664
23
112
1862
920
242
220
213
225
234
859
254
777
795
5
17
1103
41
24
2079
274
229
144
1035
319
1947
1466
2279
604
15
112
1879
276
246
194
187
232
1463
616
1373
69
68
1992
275
235
141
1754
263
2305
273
251
218
194
213
240
1656
599
581
887
8
31
54
53
2154
281
192
157
1927
257
254
42
110
14
280
248
210
199
216
242
1479
659
807
1
9
35
57
51
2146
278
231
142
2386
680
11
111
43
277
244
140
218
2300
680
8
110
47
277
1301
1303
261
2
88
74
924
235
199
203
229
249
997
2443
1179
19
47
61
33
2274
275
186
164
864
501
2176
262
2178
298
255
69
94
2463
259
232
171
203
1191
1667
1713
87
2253
276
176
172
2204
1173
281
231
182
202
1817
1008
255
3
30
70
55
1940
273
228
137
1792
626
8
102
55
920
217
183
211
1238
867
1770
38
70
1416
280
183
166
917
2498
95
1199
175
172
1185
254
37
116
2450
273
209
147
2068
799
39
111
1799
2468
196
189
229
1479
1381
0
14
55
69
26
1297
242
144
216
2501
717
2494
261
2496
1275
17
114
34
277
221
162
220
2400
1851
0
48
96
1580
276
230
139
2203
261
2411
571
209
169
1462
1028
254
7
54
81
1438
279
249
143
210
1452
254
51
107
2527
269
246
189
184
239
1239
265
254
9
61
77
2426
276
240
141
222
2443
22
119
2617
275
220
141
1608
1019
1725
2357
157
191
1304
1119
2183
277
226
173
207
2506
2288
1264
80
54
2064
271
196
156
2091
2493
2281
1726
1784
68
94
2382
267
220
158
224
2583
672
50
99
2567
1109
162
186
1366
2607
267
254
195
171
238
2583
572
35
92
2394
277
2140
1755
8
106
51
278
238
170
199
1945
1667
0
41
91
1031
278
2547
917
1983
2037
146
207
2501
255
2027
2029
276
228
1517
659
254
40
113
2559
1964
210
166
227
2684
704
9
70
75
2405
274
243
143
2582
2673
2054
2652
1839
1784
12
113
1968
274
232
152
2462
972
69
90
6
276
212
145
1835
260
2693
266
198
161
2099
276
1685
100
2760
276
199
152
1988
261
254
47
110
2237
273
234
162
207
2596
272
254
30
93
2458
277
234
140
1511
2431
42
112
2321
275
189
160
2430
263
1208
111
2287
269
179
169
262
2
96
66
2163
202
164
237
2743
696
2
66
86
2748
273
190
160
2492
314
2388
1659
2390
2814
50
109
2817
266
247
158
198
1818
7
94
2245
275
246
142
214
1304
2774
264
217
151
1734
279
254
32
105
1376
2592
139
1817
263
2243
2854
275
242
158
203
1684
27
103
2730
276
168
179
2443
8
107
50
277
231
137
2864
271
1
93
70
277
242
141
1645
672
29
117
2638
2560
156
2531
920
2831
87
2345
276
236
139
2158
316
2840
1782
2842
262
1
97
2824
275
187
165
1721
284
255
28
113
2646
273
176
171
728
2860
262
242
148
2470
281
254
53
103
2913
275
237
133
233
2084
1578
2601
274
251
169
184
285
254
36
105
25
277
218
141
2778
2431
62
101
2679
1906
155
194
2300
255
19
119
2115
276
201
152
1858
680
2086
2659
150
226
2829
672
2
79
80
2488
571
2165
2921
266
2919
1999
1783
297
255
2644
2934
271
229
142
2257
1598
75
89
1144
2966
2968
813
2205
272
179
170
2813
272
2
91
71
277
245
139
2764
2787
2359
1185
2172
2356
1372
57
100
2626
266
248
143
211
1257
1756
2366
274
200
152
2672
270
254
59
104
2972
265
251
152
199
3044
10
114
41
2395
155
202
1403
255
9
99
1924
276
2354
3035
1319
2674
1155
307
254
58
104
2995
1045
164
185
3067
3068
53
95
2791
270
244
139
2902
259
2939
260
232
141
2454
972
26
115
3006
271
249
147
206
1366
6
109
1707
2761
143
2917
1598
4
92
69
277
180
167
728
255
85
1813
276
238
138
2409
270
1922
3071
275
222
140
1972
1083
39
116
2834
270
187
164
2786
283
255
27
112
1562
2749
138
2642
434
2585
260
2587
291
1
94
3119
274
226
140
1296
283
254
2
19
46
54
35
1064
275
162
2248
2773
3018
270
182
166
288
89
75
276
1261
1178
2931
119
18
1019
169
2886
862
25
114
3150
273
3015
2734
1868
2688
1964
2997
1851
2152
2906
272
1881
3123
79
86
276
233
143
3130
286
1363
92
3055
264
164
182
2990
321
3155
259
3157
289
255
13
118
2591
274
172
2015
1372
1020
31
53
49
23
3220
2775
152
2838
3017
2515
273
247
142
213
3224
2787
41
114
3141
269
155
190
1178
1696
101
2583
227
141
2894
3217
76
88
1144
1701
1703
261
3132
277
212
144
2563
264
254
72
93
1185
3128
3216
696
8
109
48
2511
2513
3229
14
113
2703
272
1709
2984
312
3000
2110
3002
295
254
34
119
2738
268
241
139
223
1297
572
16
40
55
41
3308
275
225
136
2650
258
3096
258
222
138
2872
1598
12
117
2883
273
159
186
1699
96
68
276
3235
1597
1965
117
2980
1667
158
189
1304
254
54
106
2768
275
245
141
2752
590
8
112
45
277
194
157
3145
704
25
121
3207
269
238
139
1935
290
254
66
98
2583
232
135
1981
311
3301
2177
3303
294
254
60
104
2501
209
145
250
2163
1770
26
51
51
29
2668
275
243
137
222
1126
3325
257
193
156
3022
275
2923
2925
274
3335
1108
2017
115
1131
274
240
139
2009
1423
87
78
276
2811
2549
13
116
3333
2935
2937
268
254
38
116
2809
273
3106
3108
2787
51
109
3353
273
2784
3365
1598
2034
2036
274
246
143
3252
2839
3226
258
3228
862
3425
275
2705
1019
0
11
36
55
44
18
1492
253
149
200
3405
3178
268
167
179
3253
262
254
77
89
276
3415
672
26
122
17
275
208
146
3393
291
254
3139
3257
267
216
139
2480
664
3269
1185
222
139
3323
616
3125
277
216
142
2241
2787
3484
976
156
192
3481
2999
1299
275
159
187
3521
282
3383
2495
3385
291
4
105
2535
3440
2725
2976
2522
21
47
54
33
3039
279
3209
3095
3477
604
152
194
3243
1171
62
104
1144
3487
259
2788
112
2846
265
169
178
1666
2017
114
2782
271
232
137
2605
680
2251
2510
3440
2039
1646
14
116
35
1572
164
184
751
1
100
2658
272
239
135
2805
288
254
2844
3561
264
183
165
3154
3076
2756
1100
1877
3296
269
237
134
3010
1381
3068
32
52
49
22
3527
664
238
176
190
621
3406
3186
288
253
58
2094
3524
3336
2773
68
99
275
248
144
2621
1350
90
3184
3453
136
3273
2471
2823
277
190
159
2430
3594
2845
3213
139
2107
261
6
116
1292
274
213
143
3279
3217
20
121
3104
269
205
146
3449
506
3601
1596
306
1373
123
3665
2680
139
3016
634
0
17
43
55
39
3499
2225
226
203
207
231
3246
3622
1412
287
3625
3627
3414
3629
680
83
82
275
236
134
2952
3304
58
106
2501
252
144
3442
2787
1929
3544
264
232
138
3706
264
1
95
3339
276
2362
664
17
119
2869
273
187
160
1689
2180
108
2709
274
221
136
2772
3382
3458
257
3460
3217
28
121
3202
269
204
149
3299
642
2180
3396
52
1280
1423
243
214
201
2440
2400
3693
1262
3695
3626
3082
266
3557
258
3412
275
3199
3304
36
119
3686
626
156
2655
642
10
112
2801
2357
155
193
1769
20
120
2964
2855
3455
2041
26
120
3369
268
3222
3616
626
91
2474
274
230
136
3165
3300
3743
0
3745
2960
38
117
3779
263
193
155
616
0
12
39
55
43
1310
290
253
231
206
204
227
1169
760
3765
3552
1448
3768
3628
1108
2
107
3535
273
203
150
1711
1350
22
120
23
275
3479
1371
255
68
95
2684
3298
760
254
61
102
3837
260
210
145
3074
799
3306
3319
1906
148
201
3802
2814
70
2551
274
236
137
3100
3075
2754
1838
3672
305
1217
113
3716
261
189
158
3123
2522
24
47
53
32
3596
279
246
219
202
211
238
2572
2514
1336
3766
286
3696
3769
265
3771
257
4
115
3361
274
191
156
1722
3230
120
32
275
2553
1826
22
118
3793
274
239
139
225
1921
1923
276
253
158
3782
3482
40
120
3446
271
251
137
2858
296
1444
107
3865
257
243
136
223
3876
2051
3885
2053
303
3889
3891
260
3893
621
792
2446
53
47
21
3342
235
1166
221
1116
805
3836
3624
3839
3698
1108
5
120
3419
273
186
161
1896
3986
3988
272
3929
3721
1506
1572
167
181
2084
29
118
3190
275
2732
3381
3558
42
119
3400
264
247
136
3094
3386
44
117
4012
1200
3958
3960
276
3529
2586
3531
1429
45
3890
274
3968
2192
19
44
54
37
2948
288
249
224
203
209
232
2294
1849
3548
265
3623
3767
3697
3334
3699
258
3993
275
2936
3992
3987
3928
2554
3280
40
114
3439
272
213
144
3741
688
73
91
1185
178
170
2633
4010
4020
262
3957
3959
3952
4077
2749
4022
686
3811
3813
1216
4029
3966
259
190
157
704
6
30
52
50
25
3955
1964
241
213
201
217
244
2796
2304
4047
264
4049
3912
3983
4052
3985
4059
274
185
162
4058
3994
271
3996
634
2888
2890
3354
142
215
3044
9
113
3786
273
242
140
221
764
2432
4011
3640
3642
3386
43
118
4078
261
4080
4023
275
4025
3156
4027
3593
4090
274
199
150
12
3316
41
14
1597
252
229
205
205
228
1721
1144
3981
4050
3914
264
3916
837
117
4134
271
3922
3924
11
120
3233
273
4124
2814
62
100
4174
264
4074
2787
40
115
3817
264
1709
3848
2814
41
120
4147
260
3949
3951
3304
53
110
4101
4149
4086
3671
1895
306
254
41
115
4038
270
224
205
47
31
4204
276
245
218
201
213
1361
278
4172
4113
4051
272
4176
3
108
53
275
3846
3753
3229
19
120
3197
271
169
177
1452
1373
116
1916
273
2218
2220
688
3511
275
3057
3059
2633
34
120
4065
961
3474
4150
3558
65
100
1073
237
136
3883
307
4152
3227
4154
1127
30
121
2435
2715
1597
254
234
208
203
223
2540
280
4234
1163
4114
4237
4053
763
99
2875
272
220
3678
3734
29
120
3749
1381
3347
1646
4260
274
250
149
203
1099
1599
116
4185
273
3135
3137
626
28
3189
275
166
180
4270
258
254
84
3702
3806
1980
2998
262
4279
3459
4281
3662
125
3575
310
249
221
4042
2293
2632
1544
3248
1367
3694
4235
4191
262
4176
255
3462
274
238
134
3653
3496
48
113
4226
3324
145
204
1646
33
116
4309
269
3646
758
2623
108
3901
263
3464
616
2978
3345
272
4378
296
1
102
1515
3738
137
3515
3810
4214
1948
3673
14
118
2719
307
255
239
211
201
220
996
1403
4295
284
3913
3840
2773
72
95
275
250
147
2040
3304
75
441
246
137
4016
264
3275
275
233
137
3720
3773
275
3285
790
7
119
3605
269
3775
291
3230
3431
275
207
144
3669
1394
4398
2389
3673
7
108
4127
305
251
227
4167
1097
4351
1334
4110
263
4112
4296
4236
271
4176
253
54
108
4369
258
178
169
1689
3
104
3133
272
234
136
3720
2633
3351
3947
1207
2654
825
21
120
3676
268
195
155
3246
2873
105
4482
1700
3403
4331
3305
3307
275
185
163
3600
3962
2282
1100
95
2898
304
243
215
202
214
241
4108
281
4412
283
4414
3984
672
31
120
4285
273
4304
3679
1598
23
119
3852
274
217
139
3661
672
14
114
2224
273
3751
1392
254
62
102
2583
3441
1875
255
3701
1019
165
3223
3386
3878
1144
161
1575
3457
4452
2841
3078
4563
301
253
232
207
204
225
3834
294
4525
1232
4297
4470
4299
704
14
120
4255
271
3634
3636
3374
61
101
4357
261
4389
1381
76
3485
275
3421
224
0
6
104
3844
2096
2098
3980
3388
4101
0
211
145
4543
283
5
3736
3633
3042
4331
273
4340
3744
4342
286
2432
117
4382
283
247
221
202
210
236
777
1722
4580
4524
4582
270
4176
0
2
103
59
276
2836
4499
285
5
105
1953
3524
3526
571
3574
276
167
180
0
30
118
3491
1136
163
3085
571
32
119
4532
272
247
146
1125
3374
38
115
3872
266
3379
4008
4278
4087
4626
3450
4247
1275
237
3977
2241
2050
4639
4294
4641
269
4643
254
73
93
2639
142
4143
4627
2807
4267
269
3092
4428
266
2
97
65
276
215
3514
75
90
1144
233
138
3609
604
3604
276
197
156
4244
284
1
89
3805
274
4243
4338
4339
4685
4736
257
3
105
56
294
250
3688
3690
4045
298
4694
279
4527
4115
2787
3815
4197
263
192
160
3050
1598
6
98
4393
274
219
140
4535
2814
3715
2855
142
223
114
4179
271
3726
270
90
4733
273
246
151
4422
1443
34
113
3799
268
165
181
4622
4623
4738
310
2358
2360
289
242
213
202
3763
2998
4750
4233
4696
268
4643
1128
116
4547
272
246
152
205
1524
254
52
104
4220
271
1582
1964
3784
4775
270
178
210
1570
3354
144
3456
3051
52
109
4475
258
214
147
3509
3146
2181
3588
272
2460
3030
4213
4512
2675
3888
34
118
4672
2346
232
205
3832
1392
4736
4804
1334
4806
267
4643
704
4313
3738
148
3572
972
18
110
4811
3105
2620
2300
254
1640
1144
224
226
62
276
1636
3869
626
18
119
3452
2357
175
176
3410
1964
58
99
4091
260
4067
4069
3742
4568
2920
1784
1706
284
246
4229
213
237
4523
2715
4911
3909
1482
4612
1849
4862
3770
4584
2431
3255
4756
263
195
162
4900
1557
6
89
69
1185
4766
4768
626
3931
3933
1690
253
4489
3051
3519
2463
1
92
3026
276
244
159
200
1393
2866
107
4387
3203
2166
4511
806
2755
3887
3078
68
97
1746
235
209
202
222
3979
2930
18
57
218
219
4913
2606
4465
262
4467
4413
4918
3915
4920
2744
109
2467
3185
181
176
4729
1019
2
72
85
4940
1851
168
180
1144
91
3523
298
1294
3809
1207
45
111
4820
271
233
155
215
1344
2977
101
3920
2406
140
3115
4567
4848
3077
4404
1436
4495
269
4040
203
208
233
4748
924
1
41
83
39
235
173
200
2714
4046
4353
270
4979
4526
4981
4175
4983
799
64
99
4916
0
249
179
181
4990
1964
2
68
85
5008
1525
2804
1073
2735
4064
299
4477
1073
3068
4985
1293
160
4207
1032
19
94
52
1199
3428
2753
4958
3886
4215
312
88
76
1334
184
177
1630
1492
254
14
65
71
1799
2628
181
3329
1793
5042
269
5044
4581
4469
4642
5048
4253
4588
2412
188
176
4934
1381
6
1772
5062
270
184
165
4893
672
7
107
3737
296
241
141
4704
1207
62
99
4836
2502
167
206
1656
976
1663
1665
277
2750
3357
4957
998
4959
270
172
173
4338
888
3305
114
4005
275
234
169
202
5139
1372
2
40
78
42
1082
254
208
170
3286
2010
5103
268
5105
4640
5107
4697
5048
704
3012
1250
253
208
173
225
4975
672
1965
79
61
5135
258
239
141
3312
2779
3863
5052
273
2982
5057
590
13
112
3568
274
242
183
189
244
2727
2
45
84
4321
275
4727
4200
5146
311
719
265
191
191
305
1
244
234
758
2723
3027
187
185
1972
1746
0
24
67
60
4853
258
228
171
5138
3980
4977
261
5175
4695
5177
4807
5179
2977
113
4403
277
233
185
199
5235
571
3068
48
75
33
1297
182
167
5123
3727
117
5111
1418
151
3475
277
4551
5134
279
252
211
183
217
4170
571
0
21
66
65
4680
269
241
144
217
4792
4151
3811
937
305
3
203
158
1988
255
29
114
1716
2779
215
184
212
4578
3465
20
55
64
1355
265
243
183
187
4927
4976
5173
267
5249
4751
5046
263
4864
688
64
96
5192
259
252
220
194
3906
2442
664
704
1
12
38
63
45
4630
265
230
143
4277
1667
84
81
296
4323
1199
2017
105
3112
278
243
204
197
222
248
821
2084
704
3
21
51
62
28
1311
184
166
4650
4397
5021
329
201
151
4760
2085
86
2990
1329
197
218
245
1018
2573
2180
25
51
55
27
1875
252
202
172
4486
2410
5247
260
5327
4805
5251
4863
5179
704
11
5361
2346
230
211
213
228
244
2312
759
6
9
26
39
46
3900
281
252
164
187
3313
4374
4376
285
4384
5277
45
108
5291
271
245
219
1069
235
248
2190
259
891
16
30
44
43
21
3253
228
144
4365
2918
3811
310
5384
5386
15
108
3657
279
248
223
208
217
233
244
2374
1117
868
2
8
20
34
1140
16
1028
222
169
213
3908
5324
3910
5199
2304
5329
4358
5413
799
42
108
5437
1871
239
231
235
911
247
8
9
14
20
24
18
5119
275
204
154
4396
278
4
102
2020
291
237
139
5171
3411
87
75
1818
5228
233
236
245
247
253
9
10
16
873
14
5335
261
250
161
2136
320
4624
311
5465
672
44
107
5241
1572
246
233
228
2120
242
245
251
2374
960
6
10
11
18
27
27
25
14
2684
240
177
192
5057
4860
3940
5495
261
5331
759
77
83
5493
2295
4463
277
235
147
4138
2944
53
107
4995
284
193
157
5380
1667
18
108
4122
2930
951
289
194
161
4885
5381
5083
335
5550
260
1
78
82
5586
2787
248
250
253
792
782
796
7
5619
0
250
194
177
2909
3547
5325
266
5409
4861
5411
4919
3055
2017
102
52
1908
163
2278
972
13
115
4873
284
249
3537
972
45
104
5501
318
224
147
4723
5082
5147
5084
326
5614
2455
98
4743
331
255
216
169
221
917
5578
1078
5580
260
5582
680
29
106
3046
1323
186
168
5202
1136
3505
289
215
143
5518
280
1937
86
5596
318
239
154
210
4739
268
5548
5464
5385
642
23
104
4441
326
196
158
2025
3247
5492
3982
5639
4982
3243
255
47
102
5658
314
204
157
4840
924
2954
862
2690
1393
1020
88
4931
1954
165
5225
670
5463
307
5667
672
35
102
4889
328
216
159
5019
3324
5407
5336
4355
4468
4595
5680
5497
260
63
91
5514
313
216
155
5662
281
2822
3413
285
232
139
5769
920
14
95
5670
323
251
177
179
5040
704
1224
778
836
971
5789
1524
5706
5744
5708
634
44
97
5025
317
216
158
3592
783
5755
258
5637
5579
5720
5047
3552
2522
70
1939
323
223
154
3373
4627
46
111
3090
281
1213
5270
1851
20
96
5362
1888
180
177
5716
704
873
4978
223
246
20
27
254
225
3323
255
8
33
7
236
229
3225
4902
320
5745
664
44
96
4937
1398
208
165
5461
5634
5718
4173
4415
1851
3
71
82
5822
312
221
161
5592
1127
10
110
5016
283
245
143
5075
1598
5827
5829
314
250
185
177
3661
605
81
594
581
794
242
3152
70
92
1
186
169
864
255
67
89
6
188
1214
286
5793
306
5853
664
41
94
5685
317
250
193
176
4258
2069
5805
257
5807
5678
5809
5330
5761
672
4
66
82
5443
303
214
162
5526
1639
3858
285
4884
1593
255
20
92
5079
1775
181
179
5057
3856
67
1084
23
6
240
1825
244
160
227
73
2360
244
150
1874
3147
113
2964
188
161
5825
5705
5743
5912
5795
616
31
90
43
5704
264
236
179
195
5833
5862
4915
5719
5759
259
5681
634
2
55
86
5308
311
254
203
1693
1651
1965
118
4248
5280
158
3520
4444
14
84
62
5542
287
240
176
192
2929
264
797
2728
114
29
178
2141
5053
1075
3879
215
146
242
4842
257
5971
5973
754
5975
305
5913
642
18
81
60
5699
1589
212
175
2595
774
5677
1171
5679
5992
5930
642
41
88
3432
305
246
188
1629
1722
4779
284
227
140
4683
3217
8
68
76
5935
297
227
169
208
5490
3680
14
121
30
609
763
254
70
96
243
5094
171
177
56
102
253
249
17
6035
5910
6038
304
6040
642
7
60
76
5998
310
233
187
195
5115
5754
5635
4048
5757
4980
5928
5496
4916
3004
80
56
5349
289
1564
1566
1722
3436
4679
283
177
171
3003
2
48
82
32
4736
251
205
175
5753
604
6081
6083
637
6086
96
217
212
82
238
168
2298
186
18
52
6098
1723
5382
328
6102
642
0
33
77
49
6045
298
244
201
187
227
5187
6051
3838
6118
5581
6055
634
6
58
76
5857
299
250
204
178
6174
1896
1020
5126
282
4136
5874
1275
23
76
58
4897
285
235
183
1348
946
2728
6082
652
6148
216
149
102
45
244
11
224
148
84
57
6159
731
5851
319
6163
4125
53
70
32
5296
262
246
209
189
219
5785
4109
6114
4111
6116
5045
6178
5760
5199
572
27
72
55
4923
3166
225
184
204
5610
1429
60
102
5991
264
2982
5219
1275
6
47
74
35
5628
271
247
205
182
5186
2016
6145
6209
6087
217
134
39
108
14
248
155
203
3843
6221
376
6100
303
6225
3680
18
58
61
1402
300
242
209
195
220
248
2463
6176
1690
6053
258
5993
571
5
42
69
42
6124
2163
234
194
196
236
5187
1598
18
4254
280
4262
6230
688
1373
58
63
2578
296
251
216
187
211
5689
626
6274
6147
6276
136
252
84
79
191
162
254
106
55
6286
3528
6288
302
6290
626
5287
54
54
4225
295
252
232
206
203
227
4858
1480
6238
4466
6240
5106
6258
257
6307
5262
10
43
64
39
5765
2865
232
201
198
231
6079
299
4557
4335
1822
3136
2921
572
21
56
60
4100
290
248
218
195
209
5092
1019
6338
599
6148
217
136
250
20
79
185
227
6
3534
6350
741
6352
301
6354
3821
15
41
52
40
5485
1443
239
220
206
215
3907
1199
6303
1672
6305
6373
6180
3610
9
37
56
43
20
1403
247
223
5028
235
6386
2179
5436
279
3563
4736
572
20
47
55
2344
1598
238
4104
217
1317
2163
6405
2431
6340
1711
7
886
3533
6349
5972
6099
889
4558
334
6421
604
2180
24
1104
30
16
6014
704
250
238
223
214
217
235
6366
4233
5924
813
1080
6267
2773
59
105
4612
6374
1964
1770
22
43
5429
15
6372
680
247
2307
211
224
4410
311
4430
2155
5525
5704
572
10
32
46
41
25
1090
4233
242
222
212
213
233
5285
1557
15
120
30
174
5151
2431
71
95
6408
1711
1479
6474
6417
451
649
52
54
5600
320
2
220
189
6557
6507
7
17
30
34
33
20
16
8
946
254
246
240
233
222
223
229
240
6538
915
45
61
5973
254
189
6196
1598
35
67
2501
1
195
3043
862
1020
21
34
36
32
20
959
1851
6574
992
221
229
2441
5588
6387
41
62
1185
2
223
187
4450
1192
887
13
27
36
34
27
17
6531
5104
244
236
224
221
221
235
5313
924
10
75
21
202
204
2419
44
62
229
181
2786
2
67
37
210
197
6036
2999
317
6610
318
836
1598
887
6
13
20
6663
20
15
10
9
876
3353
253
248
251
246
906
883
235
237
5561
5394
4730
1185
6658
288
6656
3754
4444
5371
8
928
23
22
16
13
10
6669
878
252
6674
242
236
233
234
237
885
5369
318
2829
6683
2054
572
5
6662
21
23
21
14
11
10
4
847
5629
251
852
243
240
235
232
941
912
914
285
825
762
5788
2722
1
6709
6287
470
5789
0
5
6
823
823
2431
827
250
6549
6706
455
829
891
797
6746
826
253
850
828
804
444
5791
6743
5
795
782
784
6758
249
803
6731
624
483
1927
5982
399
1556
6776
385
6778
364
703
753
6784
298
6783
6785
6788
291
6787
6789
6792
6477
6793
6795
349
6791
6796
6799
3961
6800
6802
338
6798
6803
6806
5974
6807
6809
1464
6810
6812
1997
6813
6815
5547
6816
6818
5663
6819
6821
694
6822
6824
4684
6825
6827
302
6805
6828
6799
6830
6831
6795
6833
6834
6792
6836
6837
6788
6839
6840
6784
6842
6843
752
6845
6846
746
6848
6849
739
6851
6852
734
6854
6855
729
6857
6858
722
6860
6861
715
6863
6864
708
6866
6867
700
6869
6870
692
6872
6873
684
6875
6876
676
6878
6879
668
6881
6882
660
6884
6885
653
6887
6888
646
6890
6891
638
6893
6894
630
6896
6897
622
6899
6900
612
6902
6903
600
6905
6906
586
6908
6909
575
6911
6912
567
6914
6915
563
6917
6918
559
6920
6921
555
6923
6924
551
6926
6927
547
6929
6930
543
6932
6933
539
6935
6936
535
6938
6939
531
6941
6942
527
6944
6945
524
