640 213
91
256
257
258
259
260
261
262
263
264
265
266
267
268
269
270
271
272
273
274
275
276
277
278
279
280
281
282
283
284
285
286
287
288
289
290
291
292
293
294
295
296
297
298
299
300
301
302
303
304
305
306
307
308
309
310
311
312
313
314
315
316
317
318
319
320
321
322
323
324
325
326
327
328
329
330
331
332
333
334
335
336
337
338
339
340
341
342
343
344
345
346
347
348
349
350
351
352
353
354
355
356
357
358
359
360
361
362
363
364
365
366
367
368
369
370
371
372
373
374
375
376
377
378
379
380
381
382
383
384
385
386
387
388
389
390
391
392
393
394
395
396
397
398
399
400
401
402
403
404
405
406
407
408
409
410
411
412
413
414
415
416
417
418
419
420
421
422
423
424
425
426
427
428
429
430
431
432
433
434
435
436
437
438
439
440
441
442
443
444
445
446
447
448
449
450
451
452
453
454
455
456
457
458
459
460
461
462
463
464
465
466
467
468
469
470
471
472
473
474
475
476
477
478
479
480
481
482
483
484
485
486
487
488
489
490
491
492
493
494
495
496
497
498
499
258
90
502
503
504
505
506
503
500
509
377
104
118
117
514
515
516
517
517
118
104
510
522
372
90
163
239
237
528
529
530
531
531
239
163
90
523
537
367
90
172
255
542
543
544
545
546
255
172
536
538
551
362
540
547
555
547
549
552
559
359
554
556
563
542
558
560
567
354
562
564
556
566
568
574
349
570
571
557
550
575
581
345
577
578
545
573
582
588
340
584
585
543
587
589
595
335
591
592
548
580
596
602
332
598
592
594
603
608
326
605
585
607
609
614
321
611
578
613
615
620
316
617
571
619
621
626
311
623
564
625
627
632
306
629
563
631
633
638
301
635
572
601
639
644
303
641
555
637
645
650
292
647
579
651
655
299
653
546
649
656
661
283
658
586
643
662
667
286
664
544
660
668
673
274
670
593
666
590
506
347
680
333
507
421
682
408
676
565
678
604
90
88
89
502
94
98
102
104
699
101
97
93
502
89
705
690
327
90
706
92
96
101
699
102
98
703
709
694
616
718
502
93
97
713
700
702
704
694
707
398
728
536
95
697
699
103
99
96
91
732
403
688
600
597
705
93
103
120
138
159
177
193
204
210
218
220
757
215
209
202
192
177
160
140
123
105
95
709
730
279
692
88
773
774
775
776
777
770
257
769
96
112
134
158
181
197
208
215
757
218
210
202
190
172
151
130
109
96
769
313
704
92
99
115
133
153
172
189
201
209
789
757
216
209
201
190
174
154
134
116
100
92
729
280
89
777
827
828
775
779
281
772
829
834
830
280
769
94
104
122
141
161
179
194
205
210
219
757
219
212
206
197
182
165
145
126
798
800
731
541
599
665
604
89
91
102
128
163
194
223
239
251
592
252
241
227
202
171
139
110
93
719
284
90
123
169
887
888
889
890
891
167
117
770
502
101
128
169
206
233
248
571
254
246
230
203
168
128
101
502
308
769
99
121
152
186
216
235
248
254
578
254
249
236
218
188
155
121
99
859
273
90
97
154
891
936
937
888
157
100
831
279
136
938
945
890
167
116
942
262
709
91
106
133
168
199
225
241
252
585
253
244
230
206
175
141
881
883
394
743
672
622
90
101
134
181
219
245
921
862
546
249
229
194
148
110
823
950
267
88
158
981
543
252
147
88
263
89
92
117
165
214
244
980
862
254
244
215
169
119
882
304
709
97
125
166
210
240
960
993
543
253
241
211
171
125
98
969
271
94
192
1021
544
247
136
865
289
90
102
216
1033
543
234
894
675
90
105
140
185
225
247
1005
1021
249
230
196
150
111
988
393
971
989
312
536
114
164
215
246
1042
556
252
229
183
129
96
1029
276
991
1033
251
146
997
260
90
92
126
184
235
1053
1033
254
237
189
127
703
300
502
108
153
205
242
1090
1070
542
242
206
152
108
911
271
89
137
247
1104
184
92
290
89
134
1069
1070
186
1117
272
89
94
123
175
223
250
1104
546
252
230
186
132
97
1077
386
1062
610
92
121
179
232
1103
1132
545
243
199
138
1076
279
1079
1021
1081
1083
780
90
116
183
239
1148
545
240
186
118
1110
294
502
113
168
224
873
1164
547
251
225
169
113
1169
267
974
213
1104
227
109
1063
273
182
1104
245
133
1037
269
89
96
132
193
239
1147
1176
244
204
143
99
1139
383
1141
323
1171
177
236
1176
578
246
198
128
92
1189
259
1155
993
1157
501
100
160
230
1202
1148
231
161
930
293
502
107
166
229
1230
1215
255
254
229
166
1109
950
90
160
253
1070
251
147
1195
285
90
108
226
1104
209
1234
268
1085
127
195
244
1241
563
248
206
137
799
388
1210
616
100
158
227
1240
1267
543
239
175
1109
1078
992
1156
1082
780
119
201
1131
1280
544
250
198
1045
290
933
148
220
1250
1293
556
253
220
148
97
942
90
113
231
1104
196
94
288
89
145
1292
1033
252
155
1254
264
502
111
179
240
1303
563
245
191
120
1182
382
1274
318
502
124
203
1175
1329
563
254
217
135
740
274
1223
981
1225
1085
142
229
1342
545
225
134
1221
269
502
118
195
902
1355
556
248
195
1168
831
92
183
1104
235
1297
285
94
194
1186
110
831
90
95
149
224
1279
1342
233
162
1261
1209
861
1021
972
305
90
96
155
233
1365
578
534
98
1221
1349
862
1157
90
94
161
242
1400
544
236
147
1124
884
95
150
1354
1412
563
228
148
94
779
89
131
1266
1042
254
160
1323
832
117
234
1104
179
1262
110
186
1114
1421
555
251
1296
1359
364
1336
315
1047
185
1364
1443
556
250
188
104
1189
1405
599
1081
87
97
171
1442
1454
242
154
1255
104
181
1466
1454
547
246
177
102
895
98
206
1104
208
1403
285
89
158
1386
564
242
126
1433
1084
128
216
1488
1412
226
140
1220
1335
1392
993
1394
302
89
116
205
1496
1421
254
201
1380
271
1460
592
1081
91
171
1319
1474
240
145
1447
261
89
115
204
1509
1412
252
200
111
770
89
152
1020
1033
242
125
1492
277
90
1480
1104
201
739
1324
92
148
1399
1474
564
240
160
768
381
1449
1064
123
217
1552
585
207
1533
270
1515
585
1252
158
1473
1552
234
130
1524
501
124
218
1562
578
214
119
730
1256
225
1104
1504
1183
125
1411
1042
250
148
1541
256
1408
163
243
1579
564
248
174
1308
380
1558
310
90
126
224
1599
578
206
1284
268
1567
578
250
196
1163
1610
255
219
112
1575
740
1608
1620
564
221
126
770
175
1104
218
103
1624
259
90
170
1104
221
106
707
1382
166
1571
1627
1294
181
941
379
1605
912
121
1609
1647
556
254
196
1478
1614
1286
993
254
1341
1620
191
1272
275
1607
1585
1656
556
224
122
1643
124
1328
1042
248
137
1594
932
102
1561
1070
170
1643
94
166
1453
1672
545
252
180
1603
377
1652
634
113
215
1692
1304
178
1425
990
1662
1702
862
248
149
1447
90
122
1655
1708
546
216
115
707
95
198
1104
1123
282
89
136
1646
862
238
1333
263
92
163
1728
1708
250
174
1705
376
1698
1013
104
201
1716
555
247
150
831
1615
1745
556
222
1513
272
90
111
1701
1751
546
204
105
690
89
144
1520
993
229
1754
279
1371
1104
194
1315
951
150
1429
1759
543
248
158
378
1741
302
1382
178
1302
1778
543
231
1675
266
1750
1788
544
254
171
1189
974
197
1794
1795
186
1696
1637
104
219
1070
252
1593
837
109
227
1070
248
140
1541
90
131
235
1801
1281
137
1636
351
1783
640
150
1121
1241
251
248
245
248
1766
1164
200
1390
262
1793
1821
255
230
114
1063
92
171
1537
1821
249
158
690
90
167
1104
198
95
825
146
1665
993
215
1660
1084
111
1578
1841
542
224
1719
375
1826
657
118
228
1176
248
228
202
175
154
140
135
131
134
139
153
177
208
236
1787
1104
250
154
770
1840
1841
169
989
90
138
1590
1867
255
235
1630
261
90
118
1214
1042
236
1168
279
94
195
1070
254
535
1907
96
188
1903
543
195
1484
373
1872
297
1396
1032
1132
254
231
183
138
108
1425
826
705
1939
1396
117
158
212
1691
1042
225
1623
264
1896
1042
251
238
224
207
198
189
192
203
218
901
1293
222
1642
1262
109
1866
1176
250
925
200
188
178
175
185
195
213
231
1829
1176
206
910
261
93
191
1917
161
1682
1262
117
1820
1042
233
1844
1907
151
1946
1104
254
245
229
210
194
185
175
178
809
221
238
1860
1132
249
155
1824
348
1928
296
89
146
1998
981
254
228
164
113
1060
1324
89
100
146
218
1891
1021
254
173
265
1951
981
250
225
183
145
119
103
97
95
92
93
96
100
111
134
166
209
1598
1215
250
143
1989
257
92
178
1529
564
249
221
178
141
115
100
2047
952
696
109
133
169
212
245
1176
251
160
678
1112
1735
592
210
1926
275
89
160
2064
546
1724
1084
113
1671
1932
240
204
161
130
108
716
91
694
711
101
118
146
187
228
1848
1104
228
949
1927
1502
981
1587
291
1047
1685
1042
245
183
1844
1899
89
107
176
1777
1033
234
1582
263
2038
592
250
212
150
107
2105
508
1595
704
1543
129
183
1910
1164
191
1416
264
1427
241
1148
247
201
144
1458
824
1637
913
134
191
1902
1104
230
2116
1637
101
212
1070
243
127
2060
1324
98
208
1070
1193
1492
93
181
1148
254
233
176
123
1076
2162
501
952
110
157
218
2011
1033
185
93
2117
1042
2120
1298
159
2033
981
231
146
1096
932
1549
1992
1042
175
1950
1707
1132
230
156
102
1208
1084
999
122
192
2085
981
227
1613
263
1543
200
1932
215
142
1138
1309
89
93
131
1291
1148
182
2153
780
159
2092
545
174
1524
89
126
2167
993
208
1838
256
89
128
1619
2181
185
118
1347
1262
90
104
159
228
2249
546
241
129
2177
561
2118
862
2204
288
90
107
221
1070
220
1630
1524
502
138
1436
1042
229
1949
261
2137
564
254
207
1333
1189
1197
150
1312
1132
248
135
1989
89
140
2228
585
245
178
106
2223
265
89
98
159
2150
1042
239
124
666
90
112
2304
1033
219
1458
1669
2278
862
253
154
1492
1031
1132
225
142
2211
271
502
116
196
1835
993
195
1857
371
2017
1235
158
2113
862
219
121
2276
266
90
140
2262
993
253
159
1541
2296
1304
192
107
2359
1084
90
125
2123
1070
1898
2178
204
1104
237
151
1739
1046
131
222
1132
2245
261
1771
1679
138
2372
501
1806
1070
227
1769
257
89
129
2255
2022
208
118
2394
1084
99
169
2132
1021
242
2275
2351
2333
606
2015
837
102
1758
1021
231
2176
282
90
159
249
1042
211
1650
260
2368
555
197
1863
276
1526
2421
1042
198
1774
262
1726
1980
993
233
139
1334
274
89
119
2173
1070
233
1375
2400
131
2056
1033
188
2246
1196
137
2021
599
178
262
93
189
1917
200
108
2407
1907
92
158
2411
993
189
2201
370
2352
291
89
139
2465
1216
148
2418
740
97
1986
1033
245
131
1492
2433
1717
1565
279
89
121
1258
2285
1635
263
1985
1070
241
143
2418
1506
1807
1070
167
2325
98
205
1070
230
2500
271
92
185
2509
1491
1084
119
2321
2256
2231
278
1085
158
2079
1042
235
1913
369
2483
290
92
2470
1033
186
1556
663
118
2328
993
175
678
2498
544
241
1194
1725
142
2536
1033
236
1181
951
1435
1591
163
1485
125
230
1070
217
2436
2400
151
2355
599
252
151
2407
90
109
1875
1042
200
1668
501
1854
1947
119
2474
1548
171
2198
592
1918
2490
341
2541
2281
2327
1033
228
1995
1255
165
2272
255
2572
666
2554
543
178
2462
278
93
184
1070
244
2424
1525
2091
1042
1925
2597
740
147
2311
564
247
134
1433
1584
1070
199
2350
270
89
148
2576
2138
146
2632
100
214
2124
144
2625
90
99
1722
1042
2087
2625
338
2599
287
89
147
2594
571
253
161
2648
2318
151
2445
599
243
2527
1222
2218
2208
2170
2425
116
2550
981
248
139
1541
97
1481
1033
231
2539
884
94
186
1070
179
678
90
1632
1042
237
2135
270
1721
1070
221
1762
260
2260
2478
599
186
2442
884
117
1420
2412
2324
2540
2416
612
2654
274
92
2689
1021
225
1188
283
865
110
156
210
979
1042
1988
2432
2672
862
181
288
180
1952
1288
1084
118
237
1091
2516
2281
115
2711
993
2609
2703
123
2363
2022
1919
1360
1909
1686
2692
169
1042
232
2697
669
160
2640
585
163
2591
576
2715
618
2717
1755
103
2284
1021
1797
832
1197
127
180
229
2765
599
197
2481
258
2611
246
132
2768
2317
130
2705
592
154
1158
258
1535
2207
592
226
2522
669
166
2607
1539
1492
2699
2429
2258
2154
161
2607
255
2696
2517
207
2215
1298
104
2376
981
1546
2772
334
2656
1485
123
2403
585
240
123
1636
502
106
146
201
2830
1033
224
2331
2787
2733
592
221
2506
1255
102
2514
1021
158
2797
258
187
1042
2777
1038
111
2583
1663
156
1492
89
143
2428
1033
244
2414
1183
98
210
1070
193
2708
780
115
2530
599
237
1731
289
89
155
2800
585
231
2399
1448
2770
624
2825
2637
149
2885
571
208
97
1542
2240
119
170
221
2347
1070
242
123
1323
2611
192
2614
281
2543
1042
2852
1084
101
1041
1021
239
1791
1298
177
1042
2461
1907
103
2850
1021
2552
268
89
127
2459
993
2679
2863
140
2866
993
2441
2121
1812
2494
2790
368
2827
884
2923
1021
2378
1046
101
137
192
236
2814
563
252
145
2908
2844
585
166
2791
266
89
166
2914
2853
740
116
238
1033
207
2898
2484
128
2794
578
215
98
951
2805
1042
221
2842
265
2693
1070
215
1983
2703
2968
1021
253
153
2965
270
1191
1033
158
2998
344
2947
283
95
2234
2935
2393
1755
999
113
160
214
2628
1104
1687
2671
1091
150
2970
282
88
150
2607
2915
259
1726
2487
571
168
2892
1595
101
2439
862
231
2294
1637
1991
1679
1816
2360
104
220
1430
162
690
92
1931
993
238
2456
1316
2486
1033
182
2714
2203
3033
1183
1684
1021
236
2604
1262
2318
130
182
231
2895
1164
254
236
156
643
2554
1225
287
88
1859
3001
2970
88
156
1033
247
2307
1235
2737
1021
245
1540
2468
2544
1033
189
2911
2798
3056
1033
232
1870
261
97
1185
1021
212
2811
669
110
2677
599
204
2875
363
3005
832
108
3113
585
219
2573
1324
2282
150
205
2979
1969
220
167
118
2786
257
3078
2739
286
3081
2660
571
3027
501
173
1033
235
2563
292
2658
3072
563
251
2680
2443
1727
1042
231
3147
1732
2855
1042
2094
1084
107
2504
993
186
3061
740
96
2380
1021
220
2431
365
3118
837
118
2752
592
203
2586
951
89
95
121
172
1174
1342
254
241
199
2160
2449
91
3136
3022
281
3139
3083
260
2913
1021
2749
3148
125
3129
1343
2336
951
100
2453
2995
152
1682
90
110
2570
2944
1817
116
2878
592
2767
1170
2185
1021
229
2723
366
3176
2501
127
3207
556
192
2988
1039
141
1618
2957
578
252
227
177
125
1076
707
3196
288
3199
2851
2970
93
3008
993
202
1547
652
112
232
1033
2964
2232
158
3150
564
2824
998
150
2783
571
209
2088
3028
2829
1021
252
144
3003
1196
2248
1021
235
2674
2889
3060
304
1119
3016
547
188
2692
999
116
163
216
3030
1164
245
208
154
109
2266
2217
1080
3137
285
3251
993
3142
257
95
2872
1021
190
3168
740
103
223
1033
2251
2232
112
3218
1021
238
121
1720
2651
3277
3209
2443
129
2939
862
250
2496
294
1317
3271
556
242
122
3280
2598
2890
630
3317
2154
134
3290
546
3292
1637
2318
133
186
233
3241
903
233
187
133
1028
942
3249
3080
3082
3252
260
96
2918
993
185
3349
3372
3321
730
2391
2034
165
1852
119
2742
1033
2398
707
1427
2904
571
246
2670
3148
133
3390
1489
3344
539
3347
636
3349
998
3351
1021
3354
1595
91
110
154
208
2560
1303
248
216
163
116
2027
1661
3306
3197
280
3309
981
3311
256
3377
2929
3376
3373
981
3322
998
129
2934
981
212
3174
501
163
2814
177
2317
131
3396
563
3343
3345
267
3389
2412
3398
3230
3400
642
3288
3404
2479
704
95
125
177
227
3341
1999
239
196
141
1478
1404
2962
571
3079
3138
3369
3310
2970
3427
993
184
3429
3378
2178
2519
2867
130
2632
99
3212
993
241
125
730
3450
993
3093
3448
2966
132
3445
3342
3452
3175
3454
648
3402
2443
3457
981
198
92
104
144
199
240
3360
564
251
224
173
122
94
2316
1792
3471
3517
3307
284
3423
862
3425
91
95
3489
862
3316
1170
101
2775
993
3432
998
151
3140
571
3442
2703
129
3234
563
1546
2792
3500
555
3337
3497
2317
142
3464
547
3447
3399
3287
303
89
130
3412
599
223
172
219
3553
1104
244
206
151
1246
278
3367
3474
3544
563
3531
94
202
1033
3257
3168
2581
2747
862
168
1989
1256
1715
993
1964
643
2989
1033
250
2642
2317
123
3435
874
2960
3339
154
2272
236
3285
3117
3504
654
646
120
2156
1663
3516
563
253
1934
130
2238
3422
3525
3151
3527
283
3529
599
3531
92
2493
993
3123
3588
119
3179
585
254
2862
2360
2694
1054
142
1254
1047
3539
993
2701
895
2741
1033
165
3556
2154
3144
3227
2888
553
3614
659
3506
1907
110
2214
1656
248
213
160
2026
3523
272
3579
3308
3475
3424
2970
90
2949
993
237
3104
2484
137
3572
1133
141
2060
885
3640
592
3098
2798
140
3298
564
2951
1324
2582
3097
3099
285
92
1378
3172
2992
3503
3563
1784
104
2387
1647
1092
192
137
910
2625
3676
3528
3678
3530
3084
160
1033
249
3043
3148
164
2494
3393
264
2809
1021
232
3158
3202
1021
2816
267
98
2822
599
3204
1298
2927
1033
206
3116
3662
3711
640
97
3484
1610
250
221
170
1011
3674
1285
3420
3250
3723
3632
3084
142
3688
546
177
3168
94
3330
981
233
3158
2154
2865
1033
2335
1037
1756
3121
592
194
3134
264
93
3775
862
2906
3657
1525
3276
1021
184
3059
1033
2280
884
2525
1599
242
201
147
1762
2892
3721
3630
3766
592
3531
90
121
3618
3636
3124
669
113
3261
1021
216
3110
1084
104
1968
993
3181
536
89
151
3266
1366
3153
1183
3659
1663
3224
2484
3282
1021
1432
2946
3663
863
3288
3842
1454
252
228
179
127
3247
292
3810
3023
3812
585
3814
104
3595
862
3088
3794
3028
150
3581
556
3695
1262
2994
2919
1675
1396
3255
1861
3819
1839
2639
1033
210
3825
283
3170
3087
2631
3845
3753
301
1427
3698
1267
246
211
157
111
2143
294
3857
3198
3859
578
3531
91
93
196
1042
2480
291
96
1744
3001
2359
90
3041
3262
502
120
2973
2034
2663
1360
122
3817
981
246
1036
1118
127
2839
578
2887
3665
324
3231
771
109
3590
1329
254
235
189
135
100
3762
3308
3627
556
3473
3677
3869
555
3905
89
162
2322
3094
1316
2458
1033
2669
2372
93
190
1042
214
3946
164
2607
232
3066
2360
3063
1033
196
3182
3705
3226
1021
3587
3889
3800
3935
261
94
199
1365
249
219
166
117
3418
296
3901
3422
3903
3141
3022
2932
3549
556
191
2636
1255
96
3707
1021
218
3879
998
3155
3092
131
98
3534
862
3162
269
3980
3495
3729
286
89
123
3222
592
164
3866
336
3937
2501
2622
1303
241
198
3193
3985
256
3996
1154
3998
564
3905
1039
3828
981
245
141
2717
89
141
3567
862
1438
2343
3211
1042
177
1428
2867
2945
2637
141
3770
546
213
2987
663
96
3051
993
2175
4030
597
3846
671
4039
3275
3926
2080
227
176
124
95
3947
291
4041
3578
4043
3582
3197
3599
1033
220
3039
2425
108
4047
1709
3089
1111
1487
1033
223
193
1042
1483
1063
1256
1813
3781
172
3704
276
90
148
3352
547
3437
4079
616
4077
677
634
1544
1215
245
207
152
1188
2490
2144
273
4089
277
3631
3813
3197
3565
4002
556
194
3438
771
96
185
2814
4010
1798
3324
1320
3335
2334
2997
273
92
2617
1042
243
146
2597
2502
2860
3839
4122
4123
3890
1505
157
3516
2187
1136
3365
884
108
165
127
3194
3524
3764
3368
3953
547
3905
740
99
2180
1952
176
3978
4116
92
164
4154
1006
166
1447
3000
1443
1187
1221
1119
4054
862
232
131
2418
2581
3314
2133
2686
3562
3984
307
1310
3785
599
3414
163
115
3994
837
91
132
215
2187
150
2384
269
4136
1078
4091
556
4186
2105
153
3559
1366
171
4192
2212
160
4205
599
2455
1359
2401
3605
1355
3772
675
4188
1186
3338
2501
108
202
2957
2925
2482
4124
689
309
179
1808
180
101
4087
1125
103
168
2262
2313
2847
4231
3949
1444
3629
3858
4184
546
4236
3594
1892
182
4011
1360
96
165
4245
599
183
4115
1324
97
3171
1412
240
3959
273
3832
4066
547
231
142
1500
2437
1507
2957
2413
4075
4031
4263
255
171
693
1940
4319
4320
4321
4322
4323
4324
4321
601
4025
3385
1033
233
146
4308
2425
92
132
210
2113
253
205
2762
1706
4182
3580
3200
2232
2606
1104
252
204
3328
1221
709
110
189
4304
546
238
2833
2437
3270
1421
2585
1712
103
3036
1021
241
168
4269
675
92
137
3650
3976
3258
3799
3315
125
4379
4380
4381
4382
4383
4384
4385
4386
4381
126
114
2153
3380
2867
175
104
4270
3237
114
181
4081
544
227
4307
3366
4278
1177
4280
3902
4282
545
4236
740
109
3714
1104
232
161
4395
1247
2318
146
221
3360
181
4295
2988
107
3863
1329
250
3607
2437
151
4356
546
251
206
133
3522
1247
1756
177
3932
599
240
128
4313
4314
1679
242
4450
4451
4452
4453
4454
4455
4456
4457
4452
245
192
2708
90
119
1551
1042
253
212
140
3855
1669
3216
165
1239
1489
169
4145
1839
4405
4435
4407
3997
4409
544
4411
740
154
4434
4435
215
153
1109
2192
2193
694
102
140
203
3893
578
229
3612
932
174
1412
3652
1542
101
2683
1132
242
190
131
1138
2223
802
113
164
226
3516
183
3788
3983
1923
255
200
4005
740
167
3834
3391
198
139
910
4270
3459
120
171
226
4530
251
197
3778
4478
4343
3952
4345
2232
4508
2080
225
180
137
109
2898
4320
1396
105
131
170
3297
1164
251
159
2834
2751
1400
3700
2437
134
4443
981
244
207
161
123
102
1938
4319
803
115
145
189
232
4530
578
227
3685
4262
4524
542
4526
1637
105
3107
1132
247
214
166
127
104
1220
693
507
1939
91
99
119
153
198
238
2092
221
134
3304
2295
4479
545
3951
3722
4483
543
4485
2105
131
3693
1679
231
206
185
169
161
152
160
169
183
203
227
4292
1033
203
3709
277
95
1800
1355
236
4341
276
92
179
3620
542
254
242
220
197
177
166
157
154
163
173
189
213
236
4488
555
249
1894
374
743
1627
4592
1637
134
4400
1430
244
221
193
166
145
131
120
115
113
111
115
115
121
131
142
160
187
214
239
4585
547
239
160
4242
4040
4617
544
4619
3811
4621
542
4623
91
92
169
4239
1663
253
4652
546
234
3492
281
89
142
4196
1267
192
4522
1669
108
3430
1267
254
4698
993
193
3274
4589
4590
4674
259
92
170
4714
599
253
245
239
236
235
234
236
236
240
245
4743
2065
187
2532
2843
4545
4620
4547
1324
101
203
1923
248
2014
2425
103
4100
1241
248
3010
832
135
4626
1759
223
3973
2415
4590
4525
4527
3034
3988
4524
254
214
127
2614
4232
275
4138
3860
3421
1637
119
2097
1801
254
184
4702
1669
2984
1303
214
4642
1770
163
4724
1759
238
136
4167
610
4315
4673
4784
1595
113
3744
1841
195
1804
3135
4704
543
4706
4281
4762
2988
137
4777
1708
203
4069
837
2565
1293
1431
2597
933
4148
1821
247
156
1782
4817
1620
4739
1084
125
4112
1903
215
4213
4826
4760
4707
4831
266
154
4639
1692
215
4780
281
2469
1303
231
4867
771
104
4786
1788
250
171
4230
780
4324
536
721
3355
4396
329
4672
4850
4819
780
134
4218
1751
215
3054
4858
1287
4796
4090
4708
255
4710
780
93
1734
1788
222
2881
1485
135
2667
1164
1116
287
3216
4509
1751
252
176
4825
780
114
137
4923
4924
4923
133
941
110
137
135
2987
1543
131
138
2265
3004
4849
1610
4851
1907
134
3325
1788
254
206
4588
3019
4897
3765
4900
4902
4903
164
4911
1672
220
4720
4914
100
4211
1215
244
4256
3111
4916
1708
249
178
3825
540
253
251
251
250
4975
251
253
239
121
87
157
249
250
180
2786
90
157
246
252
4913
343
4887
4939
4889
501
131
4799
1751
249
186
1965
2136
4827
542
4829
4408
4861
2360
94
160
4571
1599
213
4648
1485
3265
1267
4109
1038
110
4259
1716
248
173
4803
90
158
225
223
226
2428
239
223
224
212
116
87
2622
243
1681
740
117
3218
187
4425
331
4993
1599
4940
951
121
211
4717
1280
235
158
4920
2732
4859
4830
3370
1755
92
147
4465
1656
253
1532
3033
1756
3940
1104
251
4156
2820
188
4667
1303
239
159
2547
263
96
99
98
112
1258
177
98
99
99
823
3842
214
1458
4071
543
5045
4937
4782
5050
951
108
189
4811
1620
251
207
2287
4181
4949
4183
5008
1262
131
2928
1620
245
1477
3317
4021
1148
226
3661
669
98
166
5012
1443
226
139
4615
2232
2268
1585
549
911
89
159
255
242
3515
1898
2020
245
2973
5099
4992
4938
5049
4995
1084
97
157
5066
1647
232
163
4288
4948
1224
4481
4042
4951
4898
2988
112
192
4499
1355
1423
4879
2882
3931
1215
176
295
1085
140
222
5054
1021
250
199
4857
2988
104
5136
580
5139
255
216
172
3074
1300
255
185
4765
5148
342
5048
1579
5102
5134
123
200
5106
1454
243
188
1582
950
4792
1348
4234
3954
5166
2988
96
154
4943
1474
249
197
5212
5178
4297
1176
3491
3402
1310
189
4119
1280
234
1233
4110
5188
744
2259
5140
215
108
2872
243
254
222
114
1722
5200
3346
5101
5152
951
98
151
221
4733
1267
245
198
131
5173
2037
5004
255
5006
4482
5114
270
502
117
189
4142
1215
253
222
150
4736
293
89
149
4900
546
2585
298
1396
143
217
4755
1148
246
195
4351
1755
5239
573
5191
216
94
133
2156
247
2210
2234
5251
590
5150
5203
5254
951
1256
166
1278
1474
241
194
133
1138
4135
5266
5268
5164
5270
2343
95
137
206
5170
1932
232
170
1380
3935
4285
1132
3601
4447
3183
107
165
2271
1412
250
210
141
4803
5187
5189
2400
5140
216
96
92
176
255
190
96
94
5306
5046
330
5202
1562
5204
1183
1756
165
3571
1400
251
3244
4085
4885
4896
5162
5218
4793
5216
4185
5378
1183
89
99
142
206
4864
1132
253
229
174
116
5133
1929
3838
2700
2702
1097
1756
167
3463
1342
247
209
148
4269
1712
5297
5190
5352
799
4354
2406
3007
255
5307
339
5364
1552
5366
2267
105
146
4610
5182
542
253
236
200
150
3303
1575
5214
4135
5380
4283
5382
3067
98
135
191
234
5182
246
3671
112
5394
5287
4566
1104
3032
1013
3216
157
2078
4731
236
193
138
1207
1575
5135
5240
2105
5411
256
98
1117
5415
5417
2655
5396
1903
5421
1360
3184
119
160
204
234
5078
543
254
248
230
197
155
116
4086
1636
2554
995
5438
3675
147
5291
4709
5494
3067
93
115
158
204
236
5284
4653
245
220
178
133
3719
307
3735
2561
5015
5399
100
132
178
219
1004
4348
238
204
160
117
4439
771
105
1585
173
5190
3726
5353
3407
3532
5361
3004
142
196
194
5542
5543
5544
5545
5546
5547
5548
5549
5550
5551
5545
196
160
4727
1669
1197
113
143
177
210
230
246
2064
253
243
227
204
170
137
110
5528
4721
134
195
5552
5548
192
4958
669
125
192
5577
5547
195
3888
4914
1197
117
151
187
219
872
599
1007
228
201
166
131
2161
4815
4996
193
5584
5548
196
163
3751
1784
694
103
130
166
200
227
5522
1516
239
219
187
152
117
4470
837
100
175
196
142
580
90
134
196
169
2875
93
160
197
151
5362
330
2048
93
5643
5644
5645
5646
5647
5648
5649
5650
5651
5652
5647
5640
5271
694
96
109
129
149
169
189
204
214
223
230
235
241
5669
238
230
225
215
204
188
167
146
125
106
768
5375
268
5642
5653
5649
5655
4157
5685
5650
5687
932
709
92
100
119
139
162
184
200
213
5666
5668
241
239
231
227
217
206
192
172
149
127
108
4086
5682
295
5689
5651
5691
1170
705
94
107
127
148
171
192
206
217
227
231
239
5669
235
230
223
213
200
184
163
139
119
822
4493
282
5643
2246
2048
2614
5749
457
721
1382
101
105
108
112
4689
4686
109
106
101
768
4883
414
732
93
100
5756
5758
115
114
110
107
102
739
5765
404
4883
96
102
107
109
113
4689
112
108
105
100
717
5745
581
507
504
427
5794
4180
410
5797
5602
674
5802
5803
5804
5805
5806
5807
5808
5809
5810
5811
5812
5813
5814
5815
5816
5817
5818
5819
5820
5821
5822
5823
5824
5825
5826
5827
5828
5829
5830
5831
5832
5833
5834
5835
5836
5837
5838
5839
5840
5841
5842
5843
5844
5845
5846
5847
5848
5849
5850
5851
5852
5853
5854
5855
5856
5857
5858
5859
5860
5861
5862
5863
5864
5865
5866
5867
5868
5869
5870
5871
5872
5873
5874
5875
5876
5877
5878
5879
5880
5881
5882
5883
5884
5885
5886
5887
5888
5889
5890
5891
5892
5893
5894
5895
5896
5897
5898
5899
5900
5901
316